0 0.209125 0.1915 0.209125 0.26125 0.278875 0.26125 0.278875 0.1915 0.209125 0.1915
0 0.320125 0.12375 0.320125 0.1815 0.38887499999999997 0.1815 0.38887499999999997 0.12375 0.320125 0.12375
0 0.307875 0.09925 0.307875 0.14375 0.37887499999999996 0.14375 0.37887499999999996 0.09925 0.307875 0.09925
0 0.492875 0.077 0.492875 0.13474999999999998 0.5506249999999999 0.13474999999999998 0.5506249999999999 0.077 0.492875 0.077
0 0.541875 0.07775 0.541875 0.1355 0.599625 0.1355 0.599625 0.07775 0.541875 0.07775
0 0.507375 0.132 0.507375 0.20175 0.5856250000000001 0.20175 0.5856250000000001 0.132 0.507375 0.132
0 0.592125 0.18275 0.592125 0.2405 0.649875 0.2405 0.649875 0.18275 0.592125 0.18275
0 0.6096250000000001 0.11875 0.6096250000000001 0.1765 0.667375 0.1765 0.667375 0.11875 0.6096250000000001 0.11875
0 0.642125 0.073 0.642125 0.12875 0.685375 0.12875 0.685375 0.073 0.642125 0.073
0 0.607125 0.07225000000000001 0.607125 0.12275 0.650375 0.12275 0.650375 0.07225000000000001 0.607125 0.07225000000000001
0 0.693875 0.19424999999999998 0.693875 0.2375 0.7591249999999999 0.2375 0.7591249999999999 0.19424999999999998 0.693875 0.19424999999999998
0 0.700125 0.23475000000000001 0.700125 0.274 0.756125 0.274 0.756125 0.23475000000000001 0.700125 0.23475000000000001
0 0.699875 0.29225 0.699875 0.33975 0.747375 0.33975 0.747375 0.29225 0.699875 0.29225
0 0.6613749999999999 0.3225 0.6613749999999999 0.37 0.711125 0.37 0.711125 0.3225 0.6613749999999999 0.3225
0 0.639125 0.2765 0.639125 0.327 0.684375 0.327 0.684375 0.2765 0.639125 0.2765
0 0.6641250000000001 0.26825 0.6641250000000001 0.3075 0.7033750000000001 0.3075 0.7033750000000001 0.26825 0.6641250000000001 0.26825
0 0.534375 0.333 0.534375 0.39649999999999996 0.5978749999999999 0.39649999999999996 0.5978749999999999 0.333 0.534375 0.333
0 0.48012499999999997 0.40549999999999997 0.48012499999999997 0.48224999999999996 0.556875 0.48224999999999996 0.556875 0.40549999999999997 0.48012499999999997 0.40549999999999997
0 0.749625 0.36425 0.749625 0.41675000000000006 0.802125 0.41675000000000006 0.802125 0.36425 0.749625 0.36425
0 0.709875 0.38525 0.709875 0.43274999999999997 0.757375 0.43274999999999997 0.757375 0.38525 0.709875 0.38525
0 0.720375 0.42275 0.720375 0.47525000000000006 0.777625 0.47525000000000006 0.777625 0.42275 0.720375 0.42275
0 0.821625 0.3005 0.821625 0.348 0.877125 0.348 0.877125 0.3005 0.821625 0.3005
0 0.822625 0.34625 0.822625 0.385 0.8716250000000001 0.385 0.8716250000000001 0.34625 0.822625 0.34625
0 0.875375 0.3005 0.875375 0.364 0.931875 0.364 0.931875 0.3005 0.875375 0.3005
0 0.9181250000000001 0.40824999999999995 0.9181250000000001 0.466 0.9553750000000001 0.466 0.9553750000000001 0.40824999999999995 0.9181250000000001 0.40824999999999995
0 0.8788750000000001 0.41425 0.8788750000000001 0.46975 0.927125 0.46975 0.927125 0.41425 0.8788750000000001 0.41425
0 0.639125 0.47675 0.639125 0.54025 0.702625 0.54025 0.702625 0.47675 0.639125 0.47675
0 0.7926249999999999 0.46699999999999997 0.7926249999999999 0.5269999999999999 0.850375 0.5269999999999999 0.850375 0.46699999999999997 0.7926249999999999 0.46699999999999997
0 0.826875 0.49874999999999997 0.826875 0.542 0.8623749999999999 0.542 0.8623749999999999 0.49874999999999997 0.826875 0.49874999999999997
0 0.8561249999999999 0.48825 0.8561249999999999 0.53575 0.9036250000000001 0.53575 0.9036250000000001 0.48825 0.8561249999999999 0.48825
0 0.850625 0.5295 0.850625 0.55375 0.8856249999999999 0.55375 0.8856249999999999 0.5295 0.850625 0.5295
0 0.840625 0.5445 0.840625 0.597 0.8931250000000001 0.597 0.8931250000000001 0.5445 0.840625 0.5445
0 0.791625 0.54625 0.791625 0.58775 0.841375 0.58775 0.841375 0.54625 0.791625 0.54625
0 0.799625 0.58175 0.799625 0.6174999999999999 0.835375 0.6174999999999999 0.835375 0.58175 0.799625 0.58175
0 0.743875 0.57125 0.743875 0.62375 0.8011250000000001 0.62375 0.8011250000000001 0.57125 0.743875 0.57125
0 0.649125 0.6247499999999999 0.649125 0.6825 0.7106250000000001 0.6825 0.7106250000000001 0.6247499999999999 0.649125 0.6247499999999999
0 0.754875 0.621 0.754875 0.66025 0.8008749999999999 0.66025 0.8008749999999999 0.621 0.754875 0.621
0 0.801375 0.62175 0.801375 0.67425 0.8498749999999999 0.67425 0.8498749999999999 0.62175 0.801375 0.62175
0 0.763625 0.6525000000000001 0.763625 0.6917500000000001 0.806875 0.6917500000000001 0.806875 0.6525000000000001 0.763625 0.6525000000000001
0 0.798625 0.6665 0.798625 0.704 0.837875 0.704 0.837875 0.6665 0.798625 0.6665
0 0.744125 0.6832499999999999 0.744125 0.7224999999999999 0.788625 0.7224999999999999 0.788625 0.6832499999999999 0.744125 0.6832499999999999
0 0.763625 0.7165 0.763625 0.769 0.8161250000000001 0.769 0.8161250000000001 0.7165 0.763625 0.7165
0 0.709375 0.7122499999999999 0.709375 0.768 0.761125 0.768 0.761125 0.7122499999999999 0.709375 0.7122499999999999
0 0.694625 0.689 0.694625 0.731 0.7301249999999999 0.731 0.7301249999999999 0.689 0.694625 0.689
0 0.665125 0.67825 0.665125 0.7215 0.708375 0.7215 0.708375 0.67825 0.665125 0.67825
0 0.663875 0.7235 0.663875 0.756 0.706125 0.756 0.706125 0.7235 0.663875 0.7235
0 0.662375 0.73875 0.662375 0.7785 0.6926249999999999 0.7785 0.6926249999999999 0.73875 0.662375 0.73875
0 0.680125 0.771 0.680125 0.81925 0.736625 0.81925 0.736625 0.771 0.680125 0.771
0 0.629375 0.7655000000000001 0.629375 0.80475 0.668625 0.80475 0.668625 0.7655000000000001 0.629375 0.7655000000000001
0 0.633375 0.73725 0.633375 0.76675 0.662875 0.76675 0.662875 0.73725 0.633375 0.73725
0 0.511625 0.79475 0.511625 0.8525 0.582125 0.8525 0.582125 0.79475 0.511625 0.79475
0 0.5706249999999999 0.6825 0.5706249999999999 0.72575 0.613875 0.72575 0.613875 0.6825 0.5706249999999999 0.6825
0 0.548625 0.6940000000000001 0.548625 0.739 0.587875 0.739 0.587875 0.6940000000000001 0.548625 0.6940000000000001
0 0.549125 0.62725 0.549125 0.6797500000000001 0.6016250000000001 0.6797500000000001 0.6016250000000001 0.62725 0.549125 0.62725
0 0.571125 0.75875 0.571125 0.79125 0.600375 0.79125 0.600375 0.75875 0.571125 0.75875
0 0.580375 0.725 0.580375 0.76075 0.622875 0.76075 0.622875 0.725 0.580375 0.725
0 0.593375 0.744 0.593375 0.7965 0.6363749999999999 0.7965 0.6363749999999999 0.744 0.593375 0.744
0 0.505875 0.74275 0.505875 0.79025 0.5533750000000001 0.79025 0.5533750000000001 0.74275 0.505875 0.74275
0 0.488125 0.729 0.488125 0.76825 0.521625 0.76825 0.521625 0.729 0.488125 0.729
0 0.46712499999999996 0.71775 0.46712499999999996 0.7577499999999999 0.495375 0.7577499999999999 0.495375 0.71775 0.46712499999999996 0.71775
0 0.43062500000000004 0.72425 0.43062500000000004 0.77175 0.478125 0.77175 0.478125 0.72425 0.43062500000000004 0.72425
0 0.429875 0.68525 0.429875 0.7245 0.469125 0.7245 0.469125 0.68525 0.429875 0.68525
0 0.472875 0.67925 0.472875 0.70875 0.502375 0.70875 0.502375 0.67925 0.472875 0.67925
0 0.48237500000000005 0.704 0.48237500000000005 0.73075 0.5091249999999999 0.73075 0.5091249999999999 0.704 0.48237500000000005 0.704
0 0.495875 0.6865 0.495875 0.72575 0.529625 0.72575 0.529625 0.6865 0.495875 0.6865
0 0.504375 0.5742499999999999 0.504375 0.62175 0.551875 0.62175 0.551875 0.5742499999999999 0.504375 0.5742499999999999
0 0.469375 0.554 0.469375 0.6014999999999999 0.516875 0.6014999999999999 0.516875 0.554 0.469375 0.554
0 0.481625 0.6195 0.481625 0.683 0.545125 0.683 0.545125 0.6195 0.481625 0.6195
0 0.437375 0.5700000000000001 0.437375 0.6132500000000001 0.476375 0.6132500000000001 0.476375 0.5700000000000001 0.437375 0.5700000000000001
0 0.406375 0.49400000000000005 0.406375 0.57075 0.48312499999999997 0.57075 0.48312499999999997 0.49400000000000005 0.406375 0.49400000000000005
0 0.402125 0.5860000000000001 0.402125 0.6292500000000001 0.445375 0.6292500000000001 0.445375 0.5860000000000001 0.402125 0.5860000000000001
0 0.39187500000000003 0.5740000000000001 0.39187500000000003 0.6065 0.42437500000000006 0.6065 0.42437500000000006 0.5740000000000001 0.39187500000000003 0.5740000000000001
0 0.375625 0.61975 0.375625 0.66725 0.42312500000000003 0.66725 0.42312500000000003 0.61975 0.375625 0.61975
0 0.372625 0.6639999999999999 0.372625 0.7115 0.42012499999999997 0.7115 0.42012499999999997 0.6639999999999999 0.372625 0.6639999999999999
0 0.406375 0.64925 0.406375 0.6925 0.444625 0.6925 0.444625 0.64925 0.406375 0.64925
0 0.398875 0.39975 0.398875 0.4765 0.47562499999999996 0.4765 0.47562499999999996 0.39975 0.398875 0.39975
0 0.233875 0.43875000000000003 0.233875 0.517 0.303625 0.517 0.303625 0.43875000000000003 0.233875 0.43875000000000003
0 0.286875 0.47450000000000003 0.286875 0.53225 0.337375 0.53225 0.337375 0.47450000000000003 0.286875 0.47450000000000003
0 0.318625 0.47575 0.318625 0.5455 0.383625 0.5455 0.383625 0.47575 0.318625 0.47575
0 0.374625 0.51875 0.374625 0.5662499999999999 0.41237500000000005 0.5662499999999999 0.41237500000000005 0.51875 0.374625 0.51875
0 0.344625 0.53725 0.344625 0.5730000000000001 0.382625 0.5730000000000001 0.382625 0.53725 0.344625 0.53725
0 0.310125 0.55 0.310125 0.61975 0.379875 0.61975 0.379875 0.55 0.310125 0.55
0 0.34362499999999996 0.5780000000000001 0.34362499999999996 0.63575 0.401375 0.63575 0.401375 0.5780000000000001 0.34362499999999996 0.5780000000000001