0 0.673828125 0.353515625 0.02734375 0.02734375
0 0.6962890625 0.318359375 0.021484375 0.01953125
0 0.6318359375 0.2890625 0.033203125 0.02734375
0 0.517578125 0.23828125 0.0234375 0.0234375
0 0.4951171875 0.2841796875 0.025390625 0.025390625
0 0.42578125 0.26171875 0.02734375 0.03125
0 0.32421875 0.255859375 0.0234375 0.02734375
0 0.2587890625 0.27734375 0.033203125 0.03515625
0 0.3037109375 0.3212890625 0.044921875 0.052734375
0 0.2294921875 0.2734375 0.013671875 0.015625
0 0.4755859375 0.388671875 0.033203125 0.03515625
0 0.439453125 0.33984375 0.03515625 0.03125
0 0.4150390625 0.3984375 0.017578125 0.015625
0 0.4189453125 0.37109375 0.033203125 0.03125
0 0.3857421875 0.3212890625 0.052734375 0.041015625
0 0.3154296875 0.4375 0.041015625 0.046875
0 0.3798828125 0.404296875 0.037109375 0.0390625
0 0.3662109375 0.3583984375 0.037109375 0.029296875
0 0.3525390625 0.37890625 0.037109375 0.03515625
0 0.3837890625 0.4716796875 0.037109375 0.037109375
0 0.443359375 0.5224609375 0.03515625 0.029296875
0 0.4130859375 0.58203125 0.041015625 0.0390625
0 0.443359375 0.544921875 0.0234375 0.015625
0 0.439453125 0.470703125 0.03515625 0.03515625
0 0.486328125 0.4755859375 0.0546875 0.037109375
0 0.609375 0.5966796875 0.02734375 0.029296875
0 0.6015625 0.56640625 0.015625 0.015625
0 0.6494140625 0.595703125 0.021484375 0.01953125
0 0.6162109375 0.5361328125 0.025390625 0.029296875
0 0.64453125 0.5078125 0.0234375 0.0234375
0 0.583984375 0.75 0.01953125 0.015625
0 0.505859375 0.69921875 0.01171875 0.01171875
0 0.4755859375 0.7265625 0.033203125 0.03125
0 0.5048828125 0.6083984375 0.041015625 0.029296875
0 0.4892578125 0.58203125 0.037109375 0.03515625
0 0.4091796875 0.7919921875 0.029296875 0.029296875
0 0.3759765625 0.7734375 0.029296875 0.03125
0 0.3388671875 0.7734375 0.013671875 0.015625
0 0.3662109375 0.7314453125 0.044921875 0.037109375
0 0.3125 0.69140625 0.01953125 0.015625
0 0.330078125 0.6650390625 0.0390625 0.037109375
0 0.25 0.6025390625 0.0390625 0.037109375
0 0.287109375 0.6123046875 0.03515625 0.044921875
0 0.353515625 0.552734375 0.02734375 0.0234375
0 0.19921875 0.533203125 0.0234375 0.02734375
0 0.1943359375 0.4638671875 0.025390625 0.021484375
0 0.140625 0.482421875 0.0234375 0.02734375
0 0.150390625 0.4287109375 0.01953125 0.025390625
0 0.126953125 0.431640625 0.01171875 0.015625
0 0.2421875 0.5146484375 0.05078125 0.037109375
0 0.2578125 0.412109375 0.046875 0.04296875
0 0.2265625 0.384765625 0.0390625 0.0546875
0 0.18359375 0.4111328125 0.0390625 0.052734375
0 0.2587890625 0.4521484375 0.048828125 0.025390625
0 0.2548828125 0.48046875 0.056640625 0.02734375